150
159,32
213,46
264,49
108,193
108,205
90,26
290,14
238,171
40,154
233,37
111,39
168,51
102,116
279,8
252,65
112,44
26,52
184,137
294,247
242,45
188,300
51,267
120,65
2,214
198,34
206,3
182,18
253,194
165,39
285,275
24,282
40,61
17,84
111,178
190,195
146,107
12,165
44,249
26,288
221,209
272,109
279,283
244,282
196,24
266,247
88,230
216,181
9,160
201,170
253,209
253,217
138,33
276,22
170,72
287,141
222,183
130,261
86,86
97,182
34,169
278,198
4,266
258,145
64,252
119,211
59,55
7,58
121,14
111,155
55,146
233,207
191,253
189,123
276,182
283,161
149,297
141,33
23,226
145,215
275,194
35,210
206,242
274,35
89,163
228,50
165,118
47,139
54,56
218,172
62,185
261,101
85,73
41,39
118,161
110,3
55,282
293,119
175,230
121,134
41,150
211,240
79,60
92,280
156,252
176,184
126,65
157,77
41,44
127,98
218,295
202,186
165,178
289,97
93,11
93,149
157,259
44,127
159,218
123,178
117,222
258,214
192,294
33,147
262,59
26,147
261,27
206,69
213,165
185,52
33,160
134,172
145,192
247,180
199,165
117,228
177,184
272,297
91,216
240,5
162,77
195,34
248,235
300,228
139,188
285,104
94,259
228,52
271,242
103,9
59,131
